4.814899349873318357e-01 -1.246089494470096071e+01
2.595602817565549003e+00 -1.264394975017901679e+01
4.832491093465211662e+00 -1.248968193484173739e+01
7.166602114419999836e+00 -1.206829682280810978e+01
9.297157765132009644e+00 -1.220617549412524383e+01
1.137811492651011491e+01 -1.248032489492666741e+01
1.356746627425950180e+01 -1.245666371627250868e+01
1.569233322756796412e+01 -1.261017195525199597e+01
1.789243530543111760e+01 -1.255697338836761645e+01
2.001120816369606104e+01 -1.272722501587150745e+01
2.220663622432629225e+01 -1.268686820579238628e+01
2.449511239879463531e+01 -1.239086380402088139e+01
2.681173701390444108e+01 -1.201752219719375248e+01
2.912755031038815545e+01 -1.164640966997180804e+01
3.146234384818858487e+01 -1.122314935831638216e+01
3.418360768129691252e+01 -9.738070637012533837e+00
3.685844287588609802e+01 -8.380553551656079847e+00
